97
19
100
21
27
50
40
79
71
82
89
78
72
49
46
18
79
61
49
22
86
3
10
93
80
33
62
4
65
97
80
25
20
32
38
26
1
42
65
61
15
46
56
68
49
9
28
29
86
40
41
84
88
51
3
90
34
83
73
23
19
56
39
6
8
43
29
3
30
53
41
98
29
46
22
86
38
82
22
6
57
84
50
42
28
91
30
90
13
34
37
21
5
11
78
11
89
7
61
30
43
1
52
75
74
40
10
73
46
94
71
37
25
76
85
20
70
81
3
39
31
31
66
27
61
80
35
25
31
5
87
11
21
13
39
2
96
79
40
15
29
98
7
37
82
51
18
40
37
0
60
98
33
3
65
55
24
31
29
71
74
78
78
2
15
44
99
64
54
23
46
46
89
98
11
97
7
36
84
7
28
95
12
38
53
15
61
90
7
25
99
57
36
99
100
49
36
76
88
20
92
97
28
42
75
44
50
93
16
71
85
52
85
18
36
56
6
47
35
63
79
40
77
79
74
21
48
49
13
47
14
33
86
46
2
31
86
3
92
0
0
89
24
100
67
50
31
58
81
37
69
51
23
27
5
74
27
73
40
6
68
66
79
2
3
35
66
87
75
20
70
30
67
77
16
100
54
73
90
98
4
87
98
61
81
31
9
36
48
88
95
99
85
61
16
33
89
89
83
99
25
97
43
6
59
53
8
31
80
76
33
45
57
32
86
84
93
100
10
51
46
48
43
34
95
99
37
73
41
54
91
72
61
58
85
64
9
95
26
84
67
69
28
41
36
75
37
98
98
61
8
18
83
41
94
36
35
21
100
79
22
94
96
59
58
8
57
53
55
52
67
87
94
87
100
29
48
81
93
35
69
93
66
3
52
15
85
3
70
48
7
34
2
27
49
98
93
66
91
37
66
52
72
18
86
64
86
89
85
3
96
70
56
15
86
6
76
57
69
32
100
15
78
47
87
57
22
38
28
26
44
91
43
35
48
22
50
38
39
25
85
78
48
2
18
20
7
89
51
99
14
60
63
8
67
73
57
63
15
81
100
34
3
23
5
66
13
12
27
54
19
92
26
5
0
59
90
90
47
23
81
46
72
56
95
70
68
13
56
71
43
75
37
57
25
11
36
7
12
80
93
97
38
28
64
1
99
61
91
72
99
0
87
76
21
6
36
16
62
46
55
18
57
81
94
93
24
82
49
33
63
84
5
31
36
75
21
13
97
48
91
65
79
55
76
41
22
17
7
67
43
62
67
36
59
11
99
15
36
3
55
0
2
25
66
31
98
63
46
96
26
22
72
12
95
18
55
93
47
4
1
28
34
99
99
63
5
20
99
62
93
5
15
31
98
92
1
16
13
17
80
12
34
52
46
41
95
58
93
34
38
70
32
18
39
43
30
28
96
12
46
75
1
26
56
92
26
85
22
10
99
64
11
84
8
42
40
47
71
81
41
62
100
3
78
21
48
5
95
79
76
32
75
0
41
64
72
1
86
98
27
43
7
57
33
77
8
50
1
94
11
74
31
9
27
32
6
31
89
100
42
79
6
71
69
37
61
16
93
87
72
97
66
41
24
40
100
42
79
1
74
79
5
59
58
31
88
31
35
57
28
74
82
8
9
94
68
3
29
32
4
90
52
54
72
96
23
23
57
74
69
94
17
59
38
15
44
38
99
43
68
69
80
2
7
36
68
39
45
98
22
79
67
57
79
27
15
46
40
70
50
98
42
95
50
45
23
42
29
64
49
3
33
98
1
61
66
0
84
88
50
66
15
51
14
17
91
12
79
81
5
25
54
58
79
62
14
8
3
63
32
56
37
32
71
92
67
5
69
27
92
89
57
71
70
8
67
3
63
13
27
90
66
21
61
9
81
92
75
67
25
95
40
90
1
98
49
91
23
29
25
14
78
94
82
99
73
39
6
4
6
92
53
21
59
65
58
18
32
50
43
49
66
39
43
9
73
88
63
3
20
16
48
98
8
90
35
67
5
100
39
82
12
56
10
38
78
60
14
54
89
80
29
36
85
94
81
69
22
13
67
31
100
56
4
10
88
27
42
6
44
1
65
60
18
7
17
3
59
13
74
88
69
9
87
14
87
85
21
52
62
85
16
52
19
75
22
97
95
56
66
3
74
84
46
46
91
82
63
34
91
84
51
31
28
41
17
6
67
98
4
96
78
95
18
97
32
93
30
74
80
48
71
25
12
29
31
53
49
57
32
21
48
38
29
76
43
15
43
80
57
52
54
1
75
100
85
14
11
13
